#nbCards
52
#nbJokers
2
#nbFakeCards
1
#always typeId - color - value - imageId - imageIdBack
#0
0
0
1
27
55
#1
1
0
2
28
55
#2
2
0
3
29
55
#3
3
0
4
30
55
#4
4
0
5
31
55
#5
5
0
6
32
55
#6
6
0
7
33
55
#7
7
0
8
34
55
#8
8
0
9
35
55
#9
9
0
10
36
55
#10
10
0
11
37
55
#11
11
0
12
38
55
#12
12
0
13
39
55
#13
13
1
1
40
55
#14
14
1
2
41
55
#15
15
1
3
42
55
#16
16
1
4
43
55
#17
17
1
5
44
55
#18
18
1
6
45
55
#19
19
1
7
46
55
#20
20
1
8
47
55
#21
21
1
9
48
55
#22
22
1
10
49
55
#23
23
1
11
50
55
#24
24
1
12
51
55
#25
25
1
13
52
55
#26
26
2
1
1
55
#27
27
2
2
2
55
#28
28
2
3
3
55
#29
29
2
4
4
55
#30
30
2
5
5
55
#31
31
2
6
6
55
#32
32
2
7
7
55
#33
33
2
8
8
55
#34
34
2
9
9
55
#35
35
2
10
10
55
#36
36
2
11
11
55
#37
37
2
12
12
55
#38
38
2
13
13
55
#39
39
3
1
14
55
#40
40
3
2
15
55
#41
41
3
3
16
55
#42
42
3
4
17
55
#43
43
3
5
18
55
#44
44
3
6
19
55
#45
45
3
7
20
55
#46
46
3
8
21
55
#47
47
3
9
22
55
#48
48
3
10
23
55
#49
49
3
11
24
55
#50
50
3
12
25
55
#51
51
3
13
26
55
#52
52
4
14
53
55
#53
53
4
14
54
55
#54
54
4
15
55
55

